A=[2:3:17; 3:3:18; 4:3:19; 5:3:20; 6:3:21];
B=[5:5:30; 30:5:55; 55:5:80];
v=[99:-1:91];
A([1 3 4 5],3:6) = [B([1:2],1:4); v(5:8); B(3,2:5)]
